9
1000101001
0100100101
1000011001
1101111111
1010111111
1111110001
1101011111
0000000101
0000011111
6
0000010101
1000100110
0010101001
0011100111
1110001101
0000111111
3
1000100110
0011011110
0010011010
6
1100001010
0010110010
0001010011
0101101101
1011000000
1111010100
4
0101001010
0111100100
1000100111
1100011101
9
0000000011
1000001010
1011110000
0010011100
0111010101
1011010001
0110101011
0010000011
0101101100
2
0001110011
0111001000
6
1011001000
1001000001
0110011001
1001001111
0001111101
1110010111
2
1111001100
0001110000
5
1010001001
1111011101
1101100011
0010010100
0111101001
4
1001111001
0100011100
0010100101
1010000100
7
1110101011
1001001001
1101101000
0000111111
1101001101
1010010000
0110100011
8
0100110110
0100111101
1111111111
0000111000
1101001110
1001010111
0101011101
0010011110
6
1100101000
0001110001
1100001001
1111001100
0111010011
0001110111
1
0110000010
1
1101101111
8
1100111000
1111011000
0110111111
0100011000
0100111100
0101111100
1011000111
0110101111
2
1111000000
0101101111
4
1011100010
0111000111
0110100000
0111111011
3
0011000000
1101001111
0101010001
