 1       1       1
 2       4       3
 3       9       5
 4       16       7
 5       25       9
 6       36       11
 7       49       13
 8       64       15
 9       81       17
 10       100       19
 11       121       21
 12       144       23
 13       169       25
 14       196       27
 15       225       29
 16       256       31
 17       289       33
 18       324       35
 19       361       37
 20       400       39
 21       441       41
 22       484       43
 23       529       45
 24       576       47
 25       625       49
 26       676       51
 27       729       53
 28       784       55
 29       841       57
 30       900       59
 31       961       61
 32       1024       63
 33       1089       65
 34       1156       67
 35       1225       69
 36       1296       71
 37       1369       73
 38       1444       75
 39       1521       77
 40       1600       79
 41       1681       81
 42       1764       83
 43       1849       85
 44       1936       87
 45       2025       89
 46       2116       91
 47       2209       93
 48       2304       95
 49       2401       97
 50       2500       99
 51       2601       101
 52       2704       103
 53       2809       105
 54       2916       107
 55       3025       109
 56       3136       111
 57       3249       113
 58       3364       115
 59       3481       117
 60       3600       119
 61       3721       121
 62       3844       123
 63       3969       125
 64       4096       127
 65       4225       129
 66       4356       131
 67       4489       133
 68       4624       135
 69       4761       137
 70       4900       139
 71       5041       141
 72       5184       143
 73       5329       145
 74       5476       147
 75       5625       149
 76       5776       151
 77       5929       153
 78       6084       155
 79       6241       157
 80       6400       159
 81       6561       161
 82       6724       163
 83       6889       165
 84       7056       167
 85       7225       169
 86       7396       171
 87       7569       173
 88       7744       175
 89       7921       177
 90       8100       179
 91       8281       181
 92       8464       183
 93       8649       185
 94       8836       187
 95       9025       189
 96       9216       191
 97       9409       193
 98       9604       195
 99       9801       197
 100       10000       199
 101       10201       201
 102       10404       203
 103       10609       205
 104       10816       207
 105       11025       209
 106       11236       211
 107       11449       213
 108       11664       215
 109       11881       217
 110       12100       219
 111       12321       221
 112       12544       223
 113       12769       225
 114       12996       227
 115       13225       229
 116       13456       231
 117       13689       233
 118       13924       235
 119       14161       237
 120       14400       239
 121       14641       241
 122       14884       243
 123       15129       245
 124       15376       247
 125       15625       249
 126       15876       251
 127       16129       253
 128       16384       255
 129       16641       257
 130       16900       259
 131       17161       261
 132       17424       263
 133       17689       265
 134       17956       267
 135       18225       269
 136       18496       271
 137       18769       273
 138       19044       275
 139       19321       277
 140       19600       279
 141       19881       281
 142       20164       283
 143       20449       285
 144       20736       287
 145       21025       289
 146       21316       291
 147       21609       293
 148       21904       295
 149       22201       297
 150       22500       299
 151       22801       301
 152       23104       303
 153       23409       305
 154       23716       307
 155       24025       309
 156       24336       311
 157       24649       313
 158       24964       315
 159       25281       317
 160       25600       319
 161       25921       321
 162       26244       323
 163       26569       325
 164       26896       327
 165       27225       329
 166       27556       331
 167       27889       333
 168       28224       335
 169       28561       337
 170       28900       339
 171       29241       341
 172       29584       343
 173       29929       345
 174       30276       347
 175       30625       349
 176       30976       351
 177       31329       353
 178       31684       355
 179       32041       357
 180       32400       359
 181       32761       361
 182       33124       363
 183       33489       365
 184       33856       367
 185       34225       369
 186       34596       371
 187       34969       373
 188       35344       375
 189       35721       377
 190       36100       379
 191       36481       381
 192       36864       383
 193       37249       385
 194       37636       387
 195       38025       389
 196       38416       391
 197       38809       393
 198       39204       395
 199       39601       397
 200       40000       399
 201       40401       401
 202       40804       403
 203       41209       405
 204       41616       407
 205       42025       409
 206       42436       411
 207       42849       413
 208       43264       415
 209       43681       417
 210       44100       419
 211       44521       421
 212       44944       423
 213       45369       425
 214       45796       427
 215       46225       429
 216       46656       431
 217       47089       433
 218       47524       435
 219       47961       437
 220       48400       439
 221       48841       441
 222       49284       443
 223       49729       445
 224       50176       447
 225       50625       449
 226       51076       451
 227       51529       453
 228       51984       455
 229       52441       457
 230       52900       459
 231       53361       461
 232       53824       463
 233       54289       465
 234       54756       467
 235       55225       469
 236       55696       471
 237       56169       473
 238       56644       475
 239       57121       477
 240       57600       479
 241       58081       481
 242       58564       483
 243       59049       485
 244       59536       487
 245       60025       489
 246       60516       491
 247       61009       493
 248       61504       495
 249       62001       497
 250       62500       499
 251       63001       501
 252       63504       503
 253       64009       505
 254       64516       507
 255       65025       509
 256       65536       511
 257       66049       513
 258       66564       515
 259       67081       517
 260       67600       519
 261       68121       521
 262       68644       523
 263       69169       525
 264       69696       527
 265       70225       529
 266       70756       531
 267       71289       533
 268       71824       535
 269       72361       537
 270       72900       539
 271       73441       541
 272       73984       543
 273       74529       545
 274       75076       547
 275       75625       549
 276       76176       551
 277       76729       553
 278       77284       555
 279       77841       557
 280       78400       559
 281       78961       561
 282       79524       563
 283       80089       565
 284       80656       567
 285       81225       569
 286       81796       571
 287       82369       573
 288       82944       575
 289       83521       577
 290       84100       579
 291       84681       581
 292       85264       583
 293       85849       585
 294       86436       587
 295       87025       589
 296       87616       591
 297       88209       593
 298       88804       595
 299       89401       597
 300       90000       599
 301       90601       601
 302       91204       603
 303       91809       605
 304       92416       607
 305       93025       609
 306       93636       611
 307       94249       613
 308       94864       615
 309       95481       617
 310       96100       619
 311       96721       621
 312       97344       623
 313       97969       625
 314       98596       627
 315       99225       629
 316       99856       631
 317       100489       633
 318       101124       635
 319       101761       637
 320       102400       639
 321       103041       641
 322       103684       643
 323       104329       645
 324       104976       647
 325       105625       649
 326       106276       651
 327       106929       653
 328       107584       655
 329       108241       657
 330       108900       659
 331       109561       661
 332       110224       663
 333       110889       665
 334       111556       667
 335       112225       669
 336       112896       671
 337       113569       673
 338       114244       675
 339       114921       677
 340       115600       679
 341       116281       681
 342       116964       683
 343       117649       685
 344       118336       687
 345       119025       689
 346       119716       691
 347       120409       693
 348       121104       695
 349       121801       697
 350       122500       699
 351       123201       701
 352       123904       703
 353       124609       705
 354       125316       707
 355       126025       709
 356       126736       711
 357       127449       713
 358       128164       715
 359       128881       717
 360       129600       719
 361       130321       721
 362       131044       723
 363       131769       725
 364       132496       727
 365       133225       729
 366       133956       731
 367       134689       733
 368       135424       735
 369       136161       737
 370       136900       739
 371       137641       741
 372       138384       743
 373       139129       745
 374       139876       747
 375       140625       749
 376       141376       751
 377       142129       753
 378       142884       755
 379       143641       757
 380       144400       759
 381       145161       761
 382       145924       763
 383       146689       765
 384       147456       767
 385       148225       769
 386       148996       771
 387       149769       773
 388       150544       775
 389       151321       777
 390       152100       779
 391       152881       781
 392       153664       783
 393       154449       785
 394       155236       787
 395       156025       789
 396       156816       791
 397       157609       793
 398       158404       795
 399       159201       797
 400       160000       799
 401       160801       801
 402       161604       803
 403       162409       805
 404       163216       807
 405       164025       809
 406       164836       811
 407       165649       813
 408       166464       815
 409       167281       817
 410       168100       819
 411       168921       821
 412       169744       823
 413       170569       825
 414       171396       827
 415       172225       829
 416       173056       831
 417       173889       833
 418       174724       835
 419       175561       837
 420       176400       839
 421       177241       841
 422       178084       843
 423       178929       845
 424       179776       847
 425       180625       849
 426       181476       851
 427       182329       853
 428       183184       855
 429       184041       857
 430       184900       859
 431       185761       861
 432       186624       863
 433       187489       865
 434       188356       867
 435       189225       869
 436       190096       871
 437       190969       873
 438       191844       875
 439       192721       877
 440       193600       879
 441       194481       881
 442       195364       883
 443       196249       885
 444       197136       887
 445       198025       889
 446       198916       891
 447       199809       893
 448       200704       895
 449       201601       897
 450       202500       899
 451       203401       901
 452       204304       903
 453       205209       905
 454       206116       907
 455       207025       909
 456       207936       911
 457       208849       913
 458       209764       915
 459       210681       917
 460       211600       919
 461       212521       921
 462       213444       923
 463       214369       925
 464       215296       927
 465       216225       929
 466       217156       931
 467       218089       933
 468       219024       935
 469       219961       937
 470       220900       939
 471       221841       941
 472       222784       943
 473       223729       945
 474       224676       947
 475       225625       949
 476       226576       951
 477       227529       953
 478       228484       955
 479       229441       957
 480       230400       959
 481       231361       961
 482       232324       963
 483       233289       965
 484       234256       967
 485       235225       969
 486       236196       971
 487       237169       973
 488       238144       975
 489       239121       977
 490       240100       979
 491       241081       981
 492       242064       983
 493       243049       985
 494       244036       987
 495       245025       989
 496       246016       991
 497       247009       993
 498       248004       995
 499       249001       997
 500       250000       999
 501       251001       1001
 502       252004       1003
 503       253009       1005
 504       254016       1007
 505       255025       1009
 506       256036       1011
 507       257049       1013
 508       258064       1015
 509       259081       1017
 510       260100       1019
 511       261121       1021
 512       262144       1023
 513       263169       1025
 514       264196       1027
 515       265225       1029
 516       266256       1031
 517       267289       1033
 518       268324       1035
 519       269361       1037
 520       270400       1039
 521       271441       1041
 522       272484       1043
 523       273529       1045
 524       274576       1047
 525       275625       1049
 526       276676       1051
 527       277729       1053
 528       278784       1055
 529       279841       1057
 530       280900       1059
 531       281961       1061
 532       283024       1063
 533       284089       1065
 534       285156       1067
 535       286225       1069
 536       287296       1071
 537       288369       1073
 538       289444       1075
 539       290521       1077
 540       291600       1079
 541       292681       1081
 542       293764       1083
 543       294849       1085
 544       295936       1087
 545       297025       1089
 546       298116       1091
 547       299209       1093
 548       300304       1095
 549       301401       1097
 550       302500       1099
 551       303601       1101
 552       304704       1103
 553       305809       1105
 554       306916       1107
 555       308025       1109
 556       309136       1111
 557       310249       1113
 558       311364       1115
 559       312481       1117
 560       313600       1119
 561       314721       1121
 562       315844       1123
 563       316969       1125
 564       318096       1127
 565       319225       1129
 566       320356       1131
 567       321489       1133
 568       322624       1135
 569       323761       1137
 570       324900       1139
 571       326041       1141
 572       327184       1143
 573       328329       1145
 574       329476       1147
 575       330625       1149
 576       331776       1151
 577       332929       1153
 578       334084       1155
 579       335241       1157
 580       336400       1159
 581       337561       1161
 582       338724       1163
 583       339889       1165
 584       341056       1167
 585       342225       1169
 586       343396       1171
 587       344569       1173
 588       345744       1175
 589       346921       1177
 590       348100       1179
 591       349281       1181
 592       350464       1183
 593       351649       1185
 594       352836       1187
 595       354025       1189
 596       355216       1191
 597       356409       1193
 598       357604       1195
 599       358801       1197
 600       360000       1199
 601       361201       1201
 602       362404       1203
 603       363609       1205
 604       364816       1207
 605       366025       1209
 606       367236       1211
 607       368449       1213
 608       369664       1215
 609       370881       1217
 610       372100       1219
 611       373321       1221
 612       374544       1223
 613       375769       1225
 614       376996       1227
 615       378225       1229
 616       379456       1231
 617       380689       1233
 618       381924       1235
 619       383161       1237
 620       384400       1239
 621       385641       1241
 622       386884       1243
 623       388129       1245
 624       389376       1247
 625       390625       1249
 626       391876       1251
 627       393129       1253
 628       394384       1255
 629       395641       1257
 630       396900       1259
 631       398161       1261
 632       399424       1263
 633       400689       1265
 634       401956       1267
 635       403225       1269
 636       404496       1271
 637       405769       1273
 638       407044       1275
 639       408321       1277
 640       409600       1279
 641       410881       1281
 642       412164       1283
 643       413449       1285
 644       414736       1287
 645       416025       1289
 646       417316       1291
 647       418609       1293
 648       419904       1295
 649       421201       1297
 650       422500       1299
 651       423801       1301
 652       425104       1303
 653       426409       1305
 654       427716       1307
 655       429025       1309
 656       430336       1311
 657       431649       1313
 658       432964       1315
 659       434281       1317
 660       435600       1319
 661       436921       1321
 662       438244       1323
 663       439569       1325
 664       440896       1327
 665       442225       1329
 666       443556       1331
 667       444889       1333
 668       446224       1335
 669       447561       1337
 670       448900       1339
 671       450241       1341
 672       451584       1343
 673       452929       1345
 674       454276       1347
 675       455625       1349
 676       456976       1351
 677       458329       1353
 678       459684       1355
 679       461041       1357
 680       462400       1359
 681       463761       1361
 682       465124       1363
 683       466489       1365
 684       467856       1367
 685       469225       1369
 686       470596       1371
 687       471969       1373
 688       473344       1375
 689       474721       1377
 690       476100       1379
 691       477481       1381
 692       478864       1383
 693       480249       1385
 694       481636       1387
 695       483025       1389
 696       484416       1391
 697       485809       1393
 698       487204       1395
 699       488601       1397
 700       490000       1399
 701       491401       1401
 702       492804       1403
 703       494209       1405
 704       495616       1407
 705       497025       1409
 706       498436       1411
 707       499849       1413
 708       501264       1415
 709       502681       1417
 710       504100       1419
 711       505521       1421
 712       506944       1423
 713       508369       1425
 714       509796       1427
 715       511225       1429
 716       512656       1431
 717       514089       1433
 718       515524       1435
 719       516961       1437
 720       518400       1439
 721       519841       1441
 722       521284       1443
 723       522729       1445
 724       524176       1447
 725       525625       1449
 726       527076       1451
 727       528529       1453
 728       529984       1455
 729       531441       1457
 730       532900       1459
 731       534361       1461
 732       535824       1463
 733       537289       1465
 734       538756       1467
 735       540225       1469
 736       541696       1471
 737       543169       1473
 738       544644       1475
 739       546121       1477
 740       547600       1479
 741       549081       1481
 742       550564       1483
 743       552049       1485
 744       553536       1487
 745       555025       1489
 746       556516       1491
 747       558009       1493
 748       559504       1495
 749       561001       1497
 750       562500       1499
 751       564001       1501
 752       565504       1503
 753       567009       1505
 754       568516       1507
 755       570025       1509
 756       571536       1511
 757       573049       1513
 758       574564       1515
 759       576081       1517
 760       577600       1519
 761       579121       1521
 762       580644       1523
 763       582169       1525
 764       583696       1527
 765       585225       1529
 766       586756       1531
 767       588289       1533
 768       589824       1535
 769       591361       1537
 770       592900       1539
 771       594441       1541
 772       595984       1543
 773       597529       1545
 774       599076       1547
 775       600625       1549
 776       602176       1551
 777       603729       1553
 778       605284       1555
 779       606841       1557
 780       608400       1559
 781       609961       1561
 782       611524       1563
 783       613089       1565
 784       614656       1567
 785       616225       1569
 786       617796       1571
 787       619369       1573
 788       620944       1575
 789       622521       1577
 790       624100       1579
 791       625681       1581
 792       627264       1583
 793       628849       1585
 794       630436       1587
 795       632025       1589
 796       633616       1591
 797       635209       1593
 798       636804       1595
 799       638401       1597
 800       640000       1599
 801       641601       1601
 802       643204       1603
 803       644809       1605
 804       646416       1607
 805       648025       1609
 806       649636       1611
 807       651249       1613
 808       652864       1615
 809       654481       1617
 810       656100       1619
 811       657721       1621
 812       659344       1623
 813       660969       1625
 814       662596       1627
 815       664225       1629
 816       665856       1631
 817       667489       1633
 818       669124       1635
 819       670761       1637
 820       672400       1639
 821       674041       1641
 822       675684       1643
 823       677329       1645
 824       678976       1647
 825       680625       1649
 826       682276       1651
 827       683929       1653
 828       685584       1655
 829       687241       1657
 830       688900       1659
 831       690561       1661
 832       692224       1663
 833       693889       1665
 834       695556       1667
 835       697225       1669
 836       698896       1671
 837       700569       1673
 838       702244       1675
 839       703921       1677
 840       705600       1679
 841       707281       1681
 842       708964       1683
 843       710649       1685
 844       712336       1687
 845       714025       1689
 846       715716       1691
 847       717409       1693
 848       719104       1695
 849       720801       1697
 850       722500       1699
 851       724201       1701
 852       725904       1703
 853       727609       1705
 854       729316       1707
 855       731025       1709
 856       732736       1711
 857       734449       1713
 858       736164       1715
 859       737881       1717
 860       739600       1719
 861       741321       1721
 862       743044       1723
 863       744769       1725
 864       746496       1727
 865       748225       1729
 866       749956       1731
 867       751689       1733
 868       753424       1735
 869       755161       1737
 870       756900       1739
 871       758641       1741
 872       760384       1743
 873       762129       1745
 874       763876       1747
 875       765625       1749
 876       767376       1751
 877       769129       1753
 878       770884       1755
 879       772641       1757
 880       774400       1759
 881       776161       1761
 882       777924       1763
 883       779689       1765
 884       781456       1767
 885       783225       1769
 886       784996       1771
 887       786769       1773
 888       788544       1775
 889       790321       1777
 890       792100       1779
 891       793881       1781
 892       795664       1783
 893       797449       1785
 894       799236       1787
 895       801025       1789
 896       802816       1791
 897       804609       1793
 898       806404       1795
 899       808201       1797
 900       810000       1799
 901       811801       1801
 902       813604       1803
 903       815409       1805
 904       817216       1807
 905       819025       1809
 906       820836       1811
 907       822649       1813
 908       824464       1815
 909       826281       1817
 910       828100       1819
 911       829921       1821
 912       831744       1823
 913       833569       1825
 914       835396       1827
 915       837225       1829
 916       839056       1831
 917       840889       1833
 918       842724       1835
 919       844561       1837
 920       846400       1839
 921       848241       1841
 922       850084       1843
 923       851929       1845
 924       853776       1847
 925       855625       1849
 926       857476       1851
 927       859329       1853
 928       861184       1855
 929       863041       1857
 930       864900       1859
 931       866761       1861
 932       868624       1863
 933       870489       1865
 934       872356       1867
 935       874225       1869
 936       876096       1871
 937       877969       1873
 938       879844       1875
 939       881721       1877
 940       883600       1879
 941       885481       1881
 942       887364       1883
 943       889249       1885
 944       891136       1887
 945       893025       1889
 946       894916       1891
 947       896809       1893
 948       898704       1895
 949       900601       1897
 950       902500       1899
 951       904401       1901
 952       906304       1903
 953       908209       1905
 954       910116       1907
 955       912025       1909
 956       913936       1911
 957       915849       1913
 958       917764       1915
 959       919681       1917
 960       921600       1919
 961       923521       1921
 962       925444       1923
 963       927369       1925
 964       929296       1927
 965       931225       1929
 966       933156       1931
 967       935089       1933
 968       937024       1935
 969       938961       1937
 970       940900       1939
 971       942841       1941
 972       944784       1943
 973       946729       1945
 974       948676       1947
 975       950625       1949
 976       952576       1951
 977       954529       1953
 978       956484       1955
 979       958441       1957
 980       960400       1959
 981       962361       1961
 982       964324       1963
 983       966289       1965
 984       968256       1967
 985       970225       1969
 986       972196       1971
 987       974169       1973
 988       976144       1975
 989       978121       1977
 990       980100       1979
 991       982081       1981
 992       984064       1983
 993       986049       1985
 994       988036       1987
 995       990025       1989
 996       992016       1991
 997       994009       1993
 998       996004       1995
 999       998001       1997
 1000       1000000       1999
 1001       1002001       2001
 1002       1004004       2003
 1003       1006009       2005
 1004       1008016       2007
 1005       1010025       2009
 1006       1012036       2011
 1007       1014049       2013
 1008       1016064       2015
 1009       1018081       2017
 1010       1020100       2019
 1011       1022121       2021
 1012       1024144       2023
 1013       1026169       2025
 1014       1028196       2027
 1015       1030225       2029
 1016       1032256       2031
 1017       1034289       2033
 1018       1036324       2035
 1019       1038361       2037
 1020       1040400       2039
 1021       1042441       2041
 1022       1044484       2043
 1023       1046529       2045
 1024       1048576       2047
 1025       1050625       2049
 1026       1052676       2051
 1027       1054729       2053
 1028       1056784       2055
 1029       1058841       2057
 1030       1060900       2059
 1031       1062961       2061
 1032       1065024       2063
 1033       1067089       2065
 1034       1069156       2067
 1035       1071225       2069
 1036       1073296       2071
 1037       1075369       2073
 1038       1077444       2075
 1039       1079521       2077
 1040       1081600       2079
 1041       1083681       2081
 1042       1085764       2083
 1043       1087849       2085
 1044       1089936       2087
 1045       1092025       2089
 1046       1094116       2091
 1047       1096209       2093
 1048       1098304       2095
 1049       1100401       2097
 1050       1102500       2099
 1051       1104601       2101
 1052       1106704       2103
 1053       1108809       2105
 1054       1110916       2107
 1055       1113025       2109
 1056       1115136       2111
 1057       1117249       2113
 1058       1119364       2115
 1059       1121481       2117
 1060       1123600       2119
 1061       1125721       2121
 1062       1127844       2123
 1063       1129969       2125
 1064       1132096       2127
 1065       1134225       2129
 1066       1136356       2131
 1067       1138489       2133
 1068       1140624       2135
 1069       1142761       2137
 1070       1144900       2139
 1071       1147041       2141
 1072       1149184       2143
 1073       1151329       2145
 1074       1153476       2147
 1075       1155625       2149
 1076       1157776       2151
 1077       1159929       2153
 1078       1162084       2155
 1079       1164241       2157
 1080       1166400       2159
 1081       1168561       2161
 1082       1170724       2163
 1083       1172889       2165
 1084       1175056       2167
 1085       1177225       2169
 1086       1179396       2171
 1087       1181569       2173
 1088       1183744       2175
 1089       1185921       2177
 1090       1188100       2179
 1091       1190281       2181
 1092       1192464       2183
 1093       1194649       2185
 1094       1196836       2187
 1095       1199025       2189
 1096       1201216       2191
 1097       1203409       2193
 1098       1205604       2195
 1099       1207801       2197
 1100       1210000       2199
 1101       1212201       2201
 1102       1214404       2203
 1103       1216609       2205
 1104       1218816       2207
 1105       1221025       2209
 1106       1223236       2211
 1107       1225449       2213
 1108       1227664       2215
 1109       1229881       2217
 1110       1232100       2219
 1111       1234321       2221
 1112       1236544       2223
 1113       1238769       2225
 1114       1240996       2227
 1115       1243225       2229
 1116       1245456       2231
 1117       1247689       2233
 1118       1249924       2235
 1119       1252161       2237
 1120       1254400       2239
 1121       1256641       2241
 1122       1258884       2243
 1123       1261129       2245
 1124       1263376       2247
 1125       1265625       2249
 1126       1267876       2251
 1127       1270129       2253
 1128       1272384       2255
 1129       1274641       2257
 1130       1276900       2259
 1131       1279161       2261
 1132       1281424       2263
 1133       1283689       2265
 1134       1285956       2267
 1135       1288225       2269
 1136       1290496       2271
 1137       1292769       2273
 1138       1295044       2275
 1139       1297321       2277
 1140       1299600       2279
 1141       1301881       2281
 1142       1304164       2283
 1143       1306449       2285
 1144       1308736       2287
 1145       1311025       2289
 1146       1313316       2291
 1147       1315609       2293
 1148       1317904       2295
 1149       1320201       2297
 1150       1322500       2299
 1151       1324801       2301
 1152       1327104       2303
 1153       1329409       2305
 1154       1331716       2307
 1155       1334025       2309
 1156       1336336       2311
 1157       1338649       2313
 1158       1340964       2315
 1159       1343281       2317
 1160       1345600       2319
 1161       1347921       2321
 1162       1350244       2323
 1163       1352569       2325
 1164       1354896       2327
 1165       1357225       2329
 1166       1359556       2331
 1167       1361889       2333
 1168       1364224       2335
 1169       1366561       2337
 1170       1368900       2339
 1171       1371241       2341
 1172       1373584       2343
 1173       1375929       2345
 1174       1378276       2347
 1175       1380625       2349
 1176       1382976       2351
 1177       1385329       2353
 1178       1387684       2355
 1179       1390041       2357
 1180       1392400       2359
 1181       1394761       2361
 1182       1397124       2363
 1183       1399489       2365
 1184       1401856       2367
 1185       1404225       2369
 1186       1406596       2371
 1187       1408969       2373
 1188       1411344       2375
 1189       1413721       2377
 1190       1416100       2379
 1191       1418481       2381
 1192       1420864       2383
 1193       1423249       2385
 1194       1425636       2387
 1195       1428025       2389
 1196       1430416       2391
 1197       1432809       2393
 1198       1435204       2395
 1199       1437601       2397
 1200       1440000       2399
 1201       1442401       2401
 1202       1444804       2403
 1203       1447209       2405
 1204       1449616       2407
 1205       1452025       2409
 1206       1454436       2411
 1207       1456849       2413
 1208       1459264       2415
 1209       1461681       2417
 1210       1464100       2419
 1211       1466521       2421
 1212       1468944       2423
 1213       1471369       2425
 1214       1473796       2427
 1215       1476225       2429
 1216       1478656       2431
 1217       1481089       2433
 1218       1483524       2435
 1219       1485961       2437
 1220       1488400       2439
 1221       1490841       2441
 1222       1493284       2443
 1223       1495729       2445
 1224       1498176       2447
 1225       1500625       2449
 1226       1503076       2451
 1227       1505529       2453
 1228       1507984       2455
 1229       1510441       2457
 1230       1512900       2459
 1231       1515361       2461
 1232       1517824       2463
 1233       1520289       2465
 1234       1522756       2467
 1235       1525225       2469
 1236       1527696       2471
 1237       1530169       2473
 1238       1532644       2475
 1239       1535121       2477
 1240       1537600       2479
 1241       1540081       2481
 1242       1542564       2483
 1243       1545049       2485
 1244       1547536       2487
 1245       1550025       2489
 1246       1552516       2491
 1247       1555009       2493
 1248       1557504       2495
 1249       1560001       2497
 1250       1562500       2499
 1251       1565001       2501
 1252       1567504       2503
 1253       1570009       2505
 1254       1572516       2507
 1255       1575025       2509
 1256       1577536       2511
 1257       1580049       2513
 1258       1582564       2515
 1259       1585081       2517
 1260       1587600       2519
 1261       1590121       2521
 1262       1592644       2523
 1263       1595169       2525
 1264       1597696       2527
 1265       1600225       2529
 1266       1602756       2531
 1267       1605289       2533
 1268       1607824       2535
 1269       1610361       2537
 1270       1612900       2539
 1271       1615441       2541
 1272       1617984       2543
 1273       1620529       2545
 1274       1623076       2547
 1275       1625625       2549
 1276       1628176       2551
 1277       1630729       2553
 1278       1633284       2555
 1279       1635841       2557
 1280       1638400       2559
 1281       1640961       2561
 1282       1643524       2563
 1283       1646089       2565
 1284       1648656       2567
 1285       1651225       2569
 1286       1653796       2571
 1287       1656369       2573
 1288       1658944       2575
 1289       1661521       2577
 1290       1664100       2579
 1291       1666681       2581
 1292       1669264       2583
 1293       1671849       2585
 1294       1674436       2587
 1295       1677025       2589
 1296       1679616       2591
 1297       1682209       2593
 1298       1684804       2595
 1299       1687401       2597
 1300       1690000       2599
 1301       1692601       2601
 1302       1695204       2603
 1303       1697809       2605
 1304       1700416       2607
 1305       1703025       2609
 1306       1705636       2611
 1307       1708249       2613
 1308       1710864       2615
 1309       1713481       2617
 1310       1716100       2619
 1311       1718721       2621
 1312       1721344       2623
 1313       1723969       2625
 1314       1726596       2627
 1315       1729225       2629
 1316       1731856       2631
 1317       1734489       2633
 1318       1737124       2635
 1319       1739761       2637
 1320       1742400       2639
 1321       1745041       2641
 1322       1747684       2643
 1323       1750329       2645
 1324       1752976       2647
 1325       1755625       2649
 1326       1758276       2651
 1327       1760929       2653
 1328       1763584       2655
 1329       1766241       2657
 1330       1768900       2659
 1331       1771561       2661
 1332       1774224       2663
 1333       1776889       2665
 1334       1779556       2667
 1335       1782225       2669
 1336       1784896       2671
 1337       1787569       2673
 1338       1790244       2675
 1339       1792921       2677
 1340       1795600       2679
 1341       1798281       2681
 1342       1800964       2683
 1343       1803649       2685
 1344       1806336       2687
 1345       1809025       2689
 1346       1811716       2691
 1347       1814409       2693
 1348       1817104       2695
 1349       1819801       2697
 1350       1822500       2699
 1351       1825201       2701
 1352       1827904       2703
 1353       1830609       2705
 1354       1833316       2707
 1355       1836025       2709
 1356       1838736       2711
 1357       1841449       2713
 1358       1844164       2715
 1359       1846881       2717
 1360       1849600       2719
 1361       1852321       2721
 1362       1855044       2723
 1363       1857769       2725
 1364       1860496       2727
 1365       1863225       2729
 1366       1865956       2731
 1367       1868689       2733
 1368       1871424       2735
 1369       1874161       2737
 1370       1876900       2739
 1371       1879641       2741
 1372       1882384       2743
 1373       1885129       2745
 1374       1887876       2747
 1375       1890625       2749
 1376       1893376       2751
 1377       1896129       2753
 1378       1898884       2755
 1379       1901641       2757
 1380       1904400       2759
 1381       1907161       2761
 1382       1909924       2763
 1383       1912689       2765
 1384       1915456       2767
 1385       1918225       2769
 1386       1920996       2771
 1387       1923769       2773
 1388       1926544       2775
 1389       1929321       2777
 1390       1932100       2779
 1391       1934881       2781
 1392       1937664       2783
 1393       1940449       2785
 1394       1943236       2787
 1395       1946025       2789
 1396       1948816       2791
 1397       1951609       2793
 1398       1954404       2795
 1399       1957201       2797
 1400       1960000       2799
 1401       1962801       2801
 1402       1965604       2803
 1403       1968409       2805
 1404       1971216       2807
 1405       1974025       2809
 1406       1976836       2811
 1407       1979649       2813
 1408       1982464       2815
 1409       1985281       2817
 1410       1988100       2819
 1411       1990921       2821
 1412       1993744       2823
 1413       1996569       2825
 1414       1999396       2827
 1415       2002225       2829
 1416       2005056       2831
 1417       2007889       2833
 1418       2010724       2835
 1419       2013561       2837
 1420       2016400       2839
 1421       2019241       2841
 1422       2022084       2843
 1423       2024929       2845
 1424       2027776       2847
 1425       2030625       2849
 1426       2033476       2851
 1427       2036329       2853
 1428       2039184       2855
 1429       2042041       2857
 1430       2044900       2859
 1431       2047761       2861
 1432       2050624       2863
 1433       2053489       2865
 1434       2056356       2867
 1435       2059225       2869
 1436       2062096       2871
 1437       2064969       2873
 1438       2067844       2875
 1439       2070721       2877
 1440       2073600       2879
 1441       2076481       2881
 1442       2079364       2883
 1443       2082249       2885
 1444       2085136       2887
 1445       2088025       2889
 1446       2090916       2891
 1447       2093809       2893
 1448       2096704       2895
 1449       2099601       2897
 1450       2102500       2899
 1451       2105401       2901
 1452       2108304       2903
 1453       2111209       2905
 1454       2114116       2907
 1455       2117025       2909
 1456       2119936       2911
 1457       2122849       2913
 1458       2125764       2915
 1459       2128681       2917
 1460       2131600       2919
 1461       2134521       2921
 1462       2137444       2923
 1463       2140369       2925
 1464       2143296       2927
 1465       2146225       2929
 1466       2149156       2931
 1467       2152089       2933
 1468       2155024       2935
 1469       2157961       2937
 1470       2160900       2939
 1471       2163841       2941
 1472       2166784       2943
 1473       2169729       2945
 1474       2172676       2947
 1475       2175625       2949
 1476       2178576       2951
 1477       2181529       2953
 1478       2184484       2955
 1479       2187441       2957
 1480       2190400       2959
 1481       2193361       2961
 1482       2196324       2963
 1483       2199289       2965
 1484       2202256       2967
 1485       2205225       2969
 1486       2208196       2971
 1487       2211169       2973
 1488       2214144       2975
 1489       2217121       2977
 1490       2220100       2979
 1491       2223081       2981
 1492       2226064       2983
 1493       2229049       2985
 1494       2232036       2987
 1495       2235025       2989
 1496       2238016       2991
 1497       2241009       2993
 1498       2244004       2995
 1499       2247001       2997
 1500       2250000       2999
 1501       2253001       3001
 1502       2256004       3003
 1503       2259009       3005
 1504       2262016       3007
 1505       2265025       3009
 1506       2268036       3011
 1507       2271049       3013
 1508       2274064       3015
 1509       2277081       3017
 1510       2280100       3019
 1511       2283121       3021
 1512       2286144       3023
 1513       2289169       3025
 1514       2292196       3027
 1515       2295225       3029
 1516       2298256       3031
 1517       2301289       3033
 1518       2304324       3035
 1519       2307361       3037
 1520       2310400       3039
 1521       2313441       3041
 1522       2316484       3043
 1523       2319529       3045
 1524       2322576       3047
 1525       2325625       3049
 1526       2328676       3051
 1527       2331729       3053
 1528       2334784       3055
 1529       2337841       3057
 1530       2340900       3059
 1531       2343961       3061
 1532       2347024       3063
 1533       2350089       3065
 1534       2353156       3067
 1535       2356225       3069
 1536       2359296       3071
 1537       2362369       3073
 1538       2365444       3075
 1539       2368521       3077
 1540       2371600       3079
 1541       2374681       3081
 1542       2377764       3083
 1543       2380849       3085
 1544       2383936       3087
 1545       2387025       3089
 1546       2390116       3091
 1547       2393209       3093
 1548       2396304       3095
 1549       2399401       3097
 1550       2402500       3099
 1551       2405601       3101
 1552       2408704       3103
 1553       2411809       3105
 1554       2414916       3107
 1555       2418025       3109
 1556       2421136       3111
 1557       2424249       3113
 1558       2427364       3115
 1559       2430481       3117
 1560       2433600       3119
 1561       2436721       3121
 1562       2439844       3123
 1563       2442969       3125
 1564       2446096       3127
 1565       2449225       3129
 1566       2452356       3131
 1567       2455489       3133
 1568       2458624       3135
 1569       2461761       3137
 1570       2464900       3139
 1571       2468041       3141
 1572       2471184       3143
 1573       2474329       3145
 1574       2477476       3147
 1575       2480625       3149
 1576       2483776       3151
 1577       2486929       3153
 1578       2490084       3155
 1579       2493241       3157
 1580       2496400       3159
 1581       2499561       3161
 1582       2502724       3163
 1583       2505889       3165
 1584       2509056       3167
 1585       2512225       3169
 1586       2515396       3171
 1587       2518569       3173
 1588       2521744       3175
 1589       2524921       3177
 1590       2528100       3179
 1591       2531281       3181
 1592       2534464       3183
 1593       2537649       3185
 1594       2540836       3187
 1595       2544025       3189
 1596       2547216       3191
 1597       2550409       3193
 1598       2553604       3195
 1599       2556801       3197
 1600       2560000       3199
 1601       2563201       3201
 1602       2566404       3203
 1603       2569609       3205
 1604       2572816       3207
 1605       2576025       3209
 1606       2579236       3211
 1607       2582449       3213
 1608       2585664       3215
 1609       2588881       3217
 1610       2592100       3219
 1611       2595321       3221
 1612       2598544       3223
 1613       2601769       3225
 1614       2604996       3227
 1615       2608225       3229
 1616       2611456       3231
 1617       2614689       3233
 1618       2617924       3235
 1619       2621161       3237
 1620       2624400       3239
 1621       2627641       3241
 1622       2630884       3243
 1623       2634129       3245
 1624       2637376       3247
 1625       2640625       3249
 1626       2643876       3251
 1627       2647129       3253
 1628       2650384       3255
 1629       2653641       3257
 1630       2656900       3259
 1631       2660161       3261
 1632       2663424       3263
 1633       2666689       3265
 1634       2669956       3267
 1635       2673225       3269
 1636       2676496       3271
 1637       2679769       3273
 1638       2683044       3275
 1639       2686321       3277
 1640       2689600       3279
 1641       2692881       3281
 1642       2696164       3283
 1643       2699449       3285
 1644       2702736       3287
 1645       2706025       3289
 1646       2709316       3291
 1647       2712609       3293
 1648       2715904       3295
 1649       2719201       3297
 1650       2722500       3299
 1651       2725801       3301
 1652       2729104       3303
 1653       2732409       3305
 1654       2735716       3307
 1655       2739025       3309
 1656       2742336       3311
 1657       2745649       3313
 1658       2748964       3315
 1659       2752281       3317
 1660       2755600       3319
 1661       2758921       3321
 1662       2762244       3323
 1663       2765569       3325
 1664       2768896       3327
 1665       2772225       3329
 1666       2775556       3331
 1667       2778889       3333
 1668       2782224       3335
 1669       2785561       3337
 1670       2788900       3339
 1671       2792241       3341
 1672       2795584       3343
 1673       2798929       3345
 1674       2802276       3347
 1675       2805625       3349
 1676       2808976       3351
 1677       2812329       3353
 1678       2815684       3355
 1679       2819041       3357
 1680       2822400       3359
 1681       2825761       3361
 1682       2829124       3363
 1683       2832489       3365
 1684       2835856       3367
 1685       2839225       3369
 1686       2842596       3371
 1687       2845969       3373
 1688       2849344       3375
 1689       2852721       3377
 1690       2856100       3379
 1691       2859481       3381
 1692       2862864       3383
 1693       2866249       3385
 1694       2869636       3387
 1695       2873025       3389
 1696       2876416       3391
 1697       2879809       3393
 1698       2883204       3395
 1699       2886601       3397
 1700       2890000       3399
 1701       2893401       3401
 1702       2896804       3403
 1703       2900209       3405
 1704       2903616       3407
 1705       2907025       3409
 1706       2910436       3411
 1707       2913849       3413
 1708       2917264       3415
 1709       2920681       3417
 1710       2924100       3419
 1711       2927521       3421
 1712       2930944       3423
 1713       2934369       3425
 1714       2937796       3427
 1715       2941225       3429
 1716       2944656       3431
 1717       2948089       3433
 1718       2951524       3435
 1719       2954961       3437
 1720       2958400       3439
 1721       2961841       3441
 1722       2965284       3443
 1723       2968729       3445
 1724       2972176       3447
 1725       2975625       3449
 1726       2979076       3451
 1727       2982529       3453
 1728       2985984       3455
 1729       2989441       3457
 1730       2992900       3459
 1731       2996361       3461
 1732       2999824       3463
 1733       3003289       3465
 1734       3006756       3467
 1735       3010225       3469
 1736       3013696       3471
 1737       3017169       3473
 1738       3020644       3475
 1739       3024121       3477
 1740       3027600       3479
 1741       3031081       3481
 1742       3034564       3483
 1743       3038049       3485
 1744       3041536       3487
 1745       3045025       3489
 1746       3048516       3491
 1747       3052009       3493
 1748       3055504       3495
 1749       3059001       3497
 1750       3062500       3499
 1751       3066001       3501
 1752       3069504       3503
 1753       3073009       3505
 1754       3076516       3507
 1755       3080025       3509
 1756       3083536       3511
 1757       3087049       3513
 1758       3090564       3515
 1759       3094081       3517
 1760       3097600       3519
 1761       3101121       3521
 1762       3104644       3523
 1763       3108169       3525
 1764       3111696       3527
 1765       3115225       3529
 1766       3118756       3531
 1767       3122289       3533
 1768       3125824       3535
 1769       3129361       3537
 1770       3132900       3539
 1771       3136441       3541
 1772       3139984       3543
 1773       3143529       3545
 1774       3147076       3547
 1775       3150625       3549
 1776       3154176       3551
 1777       3157729       3553
 1778       3161284       3555
 1779       3164841       3557
 1780       3168400       3559
 1781       3171961       3561
 1782       3175524       3563
 1783       3179089       3565
 1784       3182656       3567
 1785       3186225       3569
 1786       3189796       3571
 1787       3193369       3573
 1788       3196944       3575
 1789       3200521       3577
 1790       3204100       3579
 1791       3207681       3581
 1792       3211264       3583
 1793       3214849       3585
 1794       3218436       3587
 1795       3222025       3589
 1796       3225616       3591
 1797       3229209       3593
 1798       3232804       3595
 1799       3236401       3597
 1800       3240000       3599
 1801       3243601       3601
 1802       3247204       3603
 1803       3250809       3605
 1804       3254416       3607
 1805       3258025       3609
 1806       3261636       3611
 1807       3265249       3613
 1808       3268864       3615
 1809       3272481       3617
 1810       3276100       3619
 1811       3279721       3621
 1812       3283344       3623
 1813       3286969       3625
 1814       3290596       3627
 1815       3294225       3629
 1816       3297856       3631
 1817       3301489       3633
 1818       3305124       3635
 1819       3308761       3637
 1820       3312400       3639
 1821       3316041       3641
 1822       3319684       3643
 1823       3323329       3645
 1824       3326976       3647
 1825       3330625       3649
 1826       3334276       3651
 1827       3337929       3653
 1828       3341584       3655
 1829       3345241       3657
 1830       3348900       3659
 1831       3352561       3661
 1832       3356224       3663
 1833       3359889       3665
 1834       3363556       3667
 1835       3367225       3669
 1836       3370896       3671
 1837       3374569       3673
 1838       3378244       3675
 1839       3381921       3677
 1840       3385600       3679
 1841       3389281       3681
 1842       3392964       3683
 1843       3396649       3685
 1844       3400336       3687
 1845       3404025       3689
 1846       3407716       3691
 1847       3411409       3693
 1848       3415104       3695
 1849       3418801       3697
 1850       3422500       3699
 1851       3426201       3701
 1852       3429904       3703
 1853       3433609       3705
 1854       3437316       3707
 1855       3441025       3709
 1856       3444736       3711
 1857       3448449       3713
 1858       3452164       3715
 1859       3455881       3717
 1860       3459600       3719
 1861       3463321       3721
 1862       3467044       3723
 1863       3470769       3725
 1864       3474496       3727
 1865       3478225       3729
 1866       3481956       3731
 1867       3485689       3733
 1868       3489424       3735
 1869       3493161       3737
 1870       3496900       3739
 1871       3500641       3741
 1872       3504384       3743
 1873       3508129       3745
 1874       3511876       3747
 1875       3515625       3749
 1876       3519376       3751
 1877       3523129       3753
 1878       3526884       3755
 1879       3530641       3757
 1880       3534400       3759
 1881       3538161       3761
 1882       3541924       3763
 1883       3545689       3765
 1884       3549456       3767
 1885       3553225       3769
 1886       3556996       3771
 1887       3560769       3773
 1888       3564544       3775
 1889       3568321       3777
 1890       3572100       3779
 1891       3575881       3781
 1892       3579664       3783
 1893       3583449       3785
 1894       3587236       3787
 1895       3591025       3789
 1896       3594816       3791
 1897       3598609       3793
 1898       3602404       3795
 1899       3606201       3797
 1900       3610000       3799
 1901       3613801       3801
 1902       3617604       3803
 1903       3621409       3805
 1904       3625216       3807
 1905       3629025       3809
 1906       3632836       3811
 1907       3636649       3813
 1908       3640464       3815
 1909       3644281       3817
 1910       3648100       3819
 1911       3651921       3821
 1912       3655744       3823
 1913       3659569       3825
 1914       3663396       3827
 1915       3667225       3829
 1916       3671056       3831
 1917       3674889       3833
 1918       3678724       3835
 1919       3682561       3837
 1920       3686400       3839
 1921       3690241       3841
 1922       3694084       3843
 1923       3697929       3845
 1924       3701776       3847
 1925       3705625       3849
 1926       3709476       3851
 1927       3713329       3853
 1928       3717184       3855
 1929       3721041       3857
 1930       3724900       3859
 1931       3728761       3861
 1932       3732624       3863
 1933       3736489       3865
 1934       3740356       3867
 1935       3744225       3869
 1936       3748096       3871
 1937       3751969       3873
 1938       3755844       3875
 1939       3759721       3877
 1940       3763600       3879
 1941       3767481       3881
 1942       3771364       3883
 1943       3775249       3885
 1944       3779136       3887
 1945       3783025       3889
 1946       3786916       3891
 1947       3790809       3893
 1948       3794704       3895
 1949       3798601       3897
 1950       3802500       3899
 1951       3806401       3901
 1952       3810304       3903
 1953       3814209       3905
 1954       3818116       3907
 1955       3822025       3909
 1956       3825936       3911
 1957       3829849       3913
 1958       3833764       3915
 1959       3837681       3917
 1960       3841600       3919
 1961       3845521       3921
 1962       3849444       3923
 1963       3853369       3925
 1964       3857296       3927
 1965       3861225       3929
 1966       3865156       3931
 1967       3869089       3933
 1968       3873024       3935
 1969       3876961       3937
 1970       3880900       3939
 1971       3884841       3941
 1972       3888784       3943
 1973       3892729       3945
 1974       3896676       3947
 1975       3900625       3949
 1976       3904576       3951
 1977       3908529       3953
 1978       3912484       3955
 1979       3916441       3957
 1980       3920400       3959
 1981       3924361       3961
 1982       3928324       3963
 1983       3932289       3965
 1984       3936256       3967
 1985       3940225       3969
 1986       3944196       3971
 1987       3948169       3973
 1988       3952144       3975
 1989       3956121       3977
 1990       3960100       3979
 1991       3964081       3981
 1992       3968064       3983
 1993       3972049       3985
 1994       3976036       3987
 1995       3980025       3989
 1996       3984016       3991
 1997       3988009       3993
 1998       3992004       3995
 1999       3996001       3997
 2000       4000000       3999
 2001       4004001       4001
 2002       4008004       4003
 2003       4012009       4005
 2004       4016016       4007
 2005       4020025       4009
 2006       4024036       4011
 2007       4028049       4013
 2008       4032064       4015
 2009       4036081       4017
 2010       4040100       4019
 2011       4044121       4021
 2012       4048144       4023
 2013       4052169       4025
 2014       4056196       4027
 2015       4060225       4029
 2016       4064256       4031
 2017       4068289       4033
 2018       4072324       4035
 2019       4076361       4037
 2020       4080400       4039
 2021       4084441       4041
 2022       4088484       4043
 2023       4092529       4045
 2024       4096576       4047
 2025       4100625       4049
 2026       4104676       4051
 2027       4108729       4053
 2028       4112784       4055
 2029       4116841       4057
 2030       4120900       4059
 2031       4124961       4061
 2032       4129024       4063
 2033       4133089       4065
 2034       4137156       4067
 2035       4141225       4069
 2036       4145296       4071
 2037       4149369       4073
 2038       4153444       4075
 2039       4157521       4077
 2040       4161600       4079
 2041       4165681       4081
 2042       4169764       4083
 2043       4173849       4085
 2044       4177936       4087
 2045       4182025       4089
 2046       4186116       4091
 2047       4190209       4093
 2048       4194304       4095
 2049       4198401       4097
 2050       4202500       4099
 2051       4206601       4101
 2052       4210704       4103
 2053       4214809       4105
 2054       4218916       4107
 2055       4223025       4109
 2056       4227136       4111
 2057       4231249       4113
 2058       4235364       4115
 2059       4239481       4117
 2060       4243600       4119
 2061       4247721       4121
 2062       4251844       4123
 2063       4255969       4125
 2064       4260096       4127
 2065       4264225       4129
 2066       4268356       4131
 2067       4272489       4133
 2068       4276624       4135
 2069       4280761       4137
 2070       4284900       4139
 2071       4289041       4141
 2072       4293184       4143
 2073       4297329       4145
 2074       4301476       4147
 2075       4305625       4149
 2076       4309776       4151
 2077       4313929       4153
 2078       4318084       4155
 2079       4322241       4157
 2080       4326400       4159
 2081       4330561       4161
 2082       4334724       4163
 2083       4338889       4165
 2084       4343056       4167
 2085       4347225       4169
 2086       4351396       4171
 2087       4355569       4173
 2088       4359744       4175
 2089       4363921       4177
 2090       4368100       4179
 2091       4372281       4181
 2092       4376464       4183
 2093       4380649       4185
 2094       4384836       4187
 2095       4389025       4189
 2096       4393216       4191
 2097       4397409       4193
 2098       4401604       4195
 2099       4405801       4197
 2100       4410000       4199
 2101       4414201       4201
 2102       4418404       4203
 2103       4422609       4205
 2104       4426816       4207
 2105       4431025       4209
 2106       4435236       4211
 2107       4439449       4213
 2108       4443664       4215
 2109       4447881       4217
 2110       4452100       4219
 2111       4456321       4221
 2112       4460544       4223
 2113       4464769       4225
 2114       4468996       4227
 2115       4473225       4229
 2116       4477456       4231
 2117       4481689       4233
 2118       4485924       4235
 2119       4490161       4237
 2120       4494400       4239
 2121       4498641       4241
 2122       4502884       4243
 2123       4507129       4245
 2124       4511376       4247
 2125       4515625       4249
 2126       4519876       4251
 2127       4524129       4253
 2128       4528384       4255
 2129       4532641       4257
 2130       4536900       4259
 2131       4541161       4261
 2132       4545424       4263
 2133       4549689       4265
 2134       4553956       4267
 2135       4558225       4269
 2136       4562496       4271
 2137       4566769       4273
 2138       4571044       4275
 2139       4575321       4277
 2140       4579600       4279
 2141       4583881       4281
 2142       4588164       4283
 2143       4592449       4285
 2144       4596736       4287
 2145       4601025       4289
 2146       4605316       4291
 2147       4609609       4293
 2148       4613904       4295
 2149       4618201       4297
 2150       4622500       4299
 2151       4626801       4301
 2152       4631104       4303
 2153       4635409       4305
 2154       4639716       4307
 2155       4644025       4309
 2156       4648336       4311
 2157       4652649       4313
 2158       4656964       4315
 2159       4661281       4317
 2160       4665600       4319
 2161       4669921       4321
 2162       4674244       4323
 2163       4678569       4325
 2164       4682896       4327
 2165       4687225       4329
 2166       4691556       4331
 2167       4695889       4333
 2168       4700224       4335
 2169       4704561       4337
 2170       4708900       4339
 2171       4713241       4341
 2172       4717584       4343
 2173       4721929       4345
 2174       4726276       4347
 2175       4730625       4349
 2176       4734976       4351
 2177       4739329       4353
 2178       4743684       4355
 2179       4748041       4357
 2180       4752400       4359
 2181       4756761       4361
 2182       4761124       4363
 2183       4765489       4365
 2184       4769856       4367
 2185       4774225       4369
 2186       4778596       4371
 2187       4782969       4373
 2188       4787344       4375
 2189       4791721       4377
 2190       4796100       4379
 2191       4800481       4381
 2192       4804864       4383
 2193       4809249       4385
 2194       4813636       4387
 2195       4818025       4389
 2196       4822416       4391
 2197       4826809       4393
 2198       4831204       4395
 2199       4835601       4397
 2200       4840000       4399
 2201       4844401       4401
 2202       4848804       4403
 2203       4853209       4405
 2204       4857616       4407
 2205       4862025       4409
 2206       4866436       4411
 2207       4870849       4413
 2208       4875264       4415
 2209       4879681       4417
 2210       4884100       4419
 2211       4888521       4421
 2212       4892944       4423
 2213       4897369       4425
 2214       4901796       4427
 2215       4906225       4429
 2216       4910656       4431
 2217       4915089       4433
 2218       4919524       4435
 2219       4923961       4437
 2220       4928400       4439
 2221       4932841       4441
 2222       4937284       4443
 2223       4941729       4445
 2224       4946176       4447
 2225       4950625       4449
 2226       4955076       4451
 2227       4959529       4453
 2228       4963984       4455
 2229       4968441       4457
 2230       4972900       4459
 2231       4977361       4461
 2232       4981824       4463
 2233       4986289       4465
 2234       4990756       4467
 2235       4995225       4469
 2236       4999696       4471
 2237       5004169       4473
 2238       5008644       4475
 2239       5013121       4477
 2240       5017600       4479
 2241       5022081       4481
 2242       5026564       4483
 2243       5031049       4485
 2244       5035536       4487
 2245       5040025       4489
 2246       5044516       4491
 2247       5049009       4493
 2248       5053504       4495
 2249       5058001       4497
 2250       5062500       4499
 2251       5067001       4501
 2252       5071504       4503
 2253       5076009       4505
 2254       5080516       4507
 2255       5085025       4509
 2256       5089536       4511
 2257       5094049       4513
 2258       5098564       4515
 2259       5103081       4517
 2260       5107600       4519
 2261       5112121       4521
 2262       5116644       4523
 2263       5121169       4525
 2264       5125696       4527
 2265       5130225       4529
 2266       5134756       4531
 2267       5139289       4533
 2268       5143824       4535
 2269       5148361       4537
 2270       5152900       4539
 2271       5157441       4541
 2272       5161984       4543
 2273       5166529       4545
 2274       5171076       4547
 2275       5175625       4549
 2276       5180176       4551
 2277       5184729       4553
 2278       5189284       4555
 2279       5193841       4557
 2280       5198400       4559
 2281       5202961       4561
 2282       5207524       4563
 2283       5212089       4565
 2284       5216656       4567
 2285       5221225       4569
 2286       5225796       4571
 2287       5230369       4573
 2288       5234944       4575
 2289       5239521       4577
 2290       5244100       4579
 2291       5248681       4581
 2292       5253264       4583
 2293       5257849       4585
 2294       5262436       4587
 2295       5267025       4589
 2296       5271616       4591
 2297       5276209       4593
 2298       5280804       4595
 2299       5285401       4597
 2300       5290000       4599
 2301       5294601       4601
 2302       5299204       4603
 2303       5303809       4605
 2304       5308416       4607
 2305       5313025       4609
 2306       5317636       4611
 2307       5322249       4613
 2308       5326864       4615
 2309       5331481       4617
 2310       5336100       4619
 2311       5340721       4621
 2312       5345344       4623
 2313       5349969       4625
 2314       5354596       4627
 2315       5359225       4629
 2316       5363856       4631
 2317       5368489       4633
 2318       5373124       4635
 2319       5377761       4637
 2320       5382400       4639
 2321       5387041       4641
 2322       5391684       4643
 2323       5396329       4645
 2324       5400976       4647
 2325       5405625       4649
 2326       5410276       4651
 2327       5414929       4653
 2328       5419584       4655
 2329       5424241       4657
 2330       5428900       4659
 2331       5433561       4661
 2332       5438224       4663
 2333       5442889       4665
 2334       5447556       4667
 2335       5452225       4669
 2336       5456896       4671
 2337       5461569       4673
 2338       5466244       4675
 2339       5470921       4677
 2340       5475600       4679
 2341       5480281       4681
 2342       5484964       4683
 2343       5489649       4685
 2344       5494336       4687
 2345       5499025       4689
 2346       5503716       4691
 2347       5508409       4693
 2348       5513104       4695
 2349       5517801       4697
 2350       5522500       4699
 2351       5527201       4701
 2352       5531904       4703
 2353       5536609       4705
 2354       5541316       4707
 2355       5546025       4709
 2356       5550736       4711
 2357       5555449       4713
 2358       5560164       4715
 2359       5564881       4717
 2360       5569600       4719
 2361       5574321       4721
 2362       5579044       4723
 2363       5583769       4725
 2364       5588496       4727
 2365       5593225       4729
 2366       5597956       4731
 2367       5602689       4733
 2368       5607424       4735
 2369       5612161       4737
 2370       5616900       4739
 2371       5621641       4741
 2372       5626384       4743
 2373       5631129       4745
 2374       5635876       4747
 2375       5640625       4749
 2376       5645376       4751
 2377       5650129       4753
 2378       5654884       4755
 2379       5659641       4757
 2380       5664400       4759
 2381       5669161       4761
 2382       5673924       4763
 2383       5678689       4765
 2384       5683456       4767
 2385       5688225       4769
 2386       5692996       4771
 2387       5697769       4773
 2388       5702544       4775
 2389       5707321       4777
 2390       5712100       4779
 2391       5716881       4781
 2392       5721664       4783
 2393       5726449       4785
 2394       5731236       4787
 2395       5736025       4789
 2396       5740816       4791
 2397       5745609       4793
 2398       5750404       4795
 2399       5755201       4797
 2400       5760000       4799
 2401       5764801       4801
 2402       5769604       4803
 2403       5774409       4805
 2404       5779216       4807
 2405       5784025       4809
 2406       5788836       4811
 2407       5793649       4813
 2408       5798464       4815
 2409       5803281       4817
 2410       5808100       4819
 2411       5812921       4821
 2412       5817744       4823
 2413       5822569       4825
 2414       5827396       4827
 2415       5832225       4829
 2416       5837056       4831
 2417       5841889       4833
 2418       5846724       4835
 2419       5851561       4837
 2420       5856400       4839
 2421       5861241       4841
 2422       5866084       4843
 2423       5870929       4845
 2424       5875776       4847
 2425       5880625       4849
 2426       5885476       4851
 2427       5890329       4853
 2428       5895184       4855
 2429       5900041       4857
 2430       5904900       4859
 2431       5909761       4861
 2432       5914624       4863
 2433       5919489       4865
 2434       5924356       4867
 2435       5929225       4869
 2436       5934096       4871
 2437       5938969       4873
 2438       5943844       4875
 2439       5948721       4877
 2440       5953600       4879
 2441       5958481       4881
 2442       5963364       4883
 2443       5968249       4885
 2444       5973136       4887
 2445       5978025       4889
 2446       5982916       4891
 2447       5987809       4893
 2448       5992704       4895
 2449       5997601       4897
 2450       6002500       4899
 2451       6007401       4901
 2452       6012304       4903
 2453       6017209       4905
 2454       6022116       4907
 2455       6027025       4909
 2456       6031936       4911
 2457       6036849       4913
 2458       6041764       4915
 2459       6046681       4917
 2460       6051600       4919
 2461       6056521       4921
 2462       6061444       4923
 2463       6066369       4925
 2464       6071296       4927
 2465       6076225       4929
 2466       6081156       4931
 2467       6086089       4933
 2468       6091024       4935
 2469       6095961       4937
 2470       6100900       4939
 2471       6105841       4941
 2472       6110784       4943
 2473       6115729       4945
 2474       6120676       4947
 2475       6125625       4949
 2476       6130576       4951
 2477       6135529       4953
 2478       6140484       4955
 2479       6145441       4957
 2480       6150400       4959
 2481       6155361       4961
 2482       6160324       4963
 2483       6165289       4965
 2484       6170256       4967
 2485       6175225       4969
 2486       6180196       4971
 2487       6185169       4973
 2488       6190144       4975
 2489       6195121       4977
 2490       6200100       4979
 2491       6205081       4981
 2492       6210064       4983
 2493       6215049       4985
 2494       6220036       4987
 2495       6225025       4989
 2496       6230016       4991
 2497       6235009       4993
 2498       6240004       4995
 2499       6245001       4997
 2500       6250000       4999
 2501       6255001       5001
 2502       6260004       5003
 2503       6265009       5005
 2504       6270016       5007
 2505       6275025       5009
 2506       6280036       5011
 2507       6285049       5013
 2508       6290064       5015
 2509       6295081       5017
 2510       6300100       5019
 2511       6305121       5021
 2512       6310144       5023
 2513       6315169       5025
 2514       6320196       5027
 2515       6325225       5029
 2516       6330256       5031
 2517       6335289       5033
 2518       6340324       5035
 2519       6345361       5037
 2520       6350400       5039
 2521       6355441       5041
 2522       6360484       5043
 2523       6365529       5045
 2524       6370576       5047
 2525       6375625       5049
 2526       6380676       5051
 2527       6385729       5053
 2528       6390784       5055
 2529       6395841       5057
 2530       6400900       5059
 2531       6405961       5061
 2532       6411024       5063
 2533       6416089       5065
 2534       6421156       5067
 2535       6426225       5069
 2536       6431296       5071
 2537       6436369       5073
 2538       6441444       5075
 2539       6446521       5077
 2540       6451600       5079
 2541       6456681       5081
 2542       6461764       5083
 2543       6466849       5085
 2544       6471936       5087
 2545       6477025       5089
 2546       6482116       5091
 2547       6487209       5093
 2548       6492304       5095
 2549       6497401       5097
 2550       6502500       5099
 2551       6507601       5101
 2552       6512704       5103
 2553       6517809       5105
 2554       6522916       5107
 2555       6528025       5109
 2556       6533136       5111
 2557       6538249       5113
 2558       6543364       5115
 2559       6548481       5117
 2560       6553600       5119
 2561       6558721       5121
 2562       6563844       5123
 2563       6568969       5125
 2564       6574096       5127
 2565       6579225       5129
 2566       6584356       5131
 2567       6589489       5133
 2568       6594624       5135
 2569       6599761       5137
 2570       6604900       5139
 2571       6610041       5141
 2572       6615184       5143
 2573       6620329       5145
 2574       6625476       5147
 2575       6630625       5149
 2576       6635776       5151
 2577       6640929       5153
 2578       6646084       5155
 2579       6651241       5157
 2580       6656400       5159
 2581       6661561       5161
 2582       6666724       5163
 2583       6671889       5165
 2584       6677056       5167
 2585       6682225       5169
 2586       6687396       5171
 2587       6692569       5173
 2588       6697744       5175
 2589       6702921       5177
 2590       6708100       5179
 2591       6713281       5181
 2592       6718464       5183
 2593       6723649       5185
 2594       6728836       5187
 2595       6734025       5189
 2596       6739216       5191
 2597       6744409       5193
 2598       6749604       5195
 2599       6754801       5197
 2600       6760000       5199
 2601       6765201       5201
 2602       6770404       5203
 2603       6775609       5205
 2604       6780816       5207
 2605       6786025       5209
 2606       6791236       5211
 2607       6796449       5213
 2608       6801664       5215
 2609       6806881       5217
 2610       6812100       5219
 2611       6817321       5221
 2612       6822544       5223
 2613       6827769       5225
 2614       6832996       5227
 2615       6838225       5229
 2616       6843456       5231
 2617       6848689       5233
 2618       6853924       5235
 2619       6859161       5237
 2620       6864400       5239
 2621       6869641       5241
 2622       6874884       5243
 2623       6880129       5245
 2624       6885376       5247
 2625       6890625       5249
 2626       6895876       5251
 2627       6901129       5253
 2628       6906384       5255
 2629       6911641       5257
 2630       6916900       5259
 2631       6922161       5261
 2632       6927424       5263
 2633       6932689       5265
 2634       6937956       5267
 2635       6943225       5269
 2636       6948496       5271
 2637       6953769       5273
 2638       6959044       5275
 2639       6964321       5277
 2640       6969600       5279
 2641       6974881       5281
 2642       6980164       5283
 2643       6985449       5285
 2644       6990736       5287
 2645       6996025       5289
 2646       7001316       5291
 2647       7006609       5293
 2648       7011904       5295
 2649       7017201       5297
 2650       7022500       5299
 2651       7027801       5301
 2652       7033104       5303
 2653       7038409       5305
 2654       7043716       5307
 2655       7049025       5309
 2656       7054336       5311
 2657       7059649       5313
 2658       7064964       5315
 2659       7070281       5317
 2660       7075600       5319
 2661       7080921       5321
 2662       7086244       5323
 2663       7091569       5325
 2664       7096896       5327
 2665       7102225       5329
 2666       7107556       5331
 2667       7112889       5333
 2668       7118224       5335
 2669       7123561       5337
 2670       7128900       5339
 2671       7134241       5341
 2672       7139584       5343
 2673       7144929       5345
 2674       7150276       5347
 2675       7155625       5349
 2676       7160976       5351
 2677       7166329       5353
 2678       7171684       5355
 2679       7177041       5357
 2680       7182400       5359
 2681       7187761       5361
 2682       7193124       5363
 2683       7198489       5365
 2684       7203856       5367
 2685       7209225       5369
 2686       7214596       5371
 2687       7219969       5373
 2688       7225344       5375
 2689       7230721       5377
 2690       7236100       5379
 2691       7241481       5381
 2692       7246864       5383
 2693       7252249       5385
 2694       7257636       5387
 2695       7263025       5389
 2696       7268416       5391
 2697       7273809       5393
 2698       7279204       5395
 2699       7284601       5397
 2700       7290000       5399
 2701       7295401       5401
 2702       7300804       5403
 2703       7306209       5405
 2704       7311616       5407
 2705       7317025       5409
 2706       7322436       5411
 2707       7327849       5413
 2708       7333264       5415
 2709       7338681       5417
 2710       7344100       5419
 2711       7349521       5421
 2712       7354944       5423
 2713       7360369       5425
 2714       7365796       5427
 2715       7371225       5429
 2716       7376656       5431
 2717       7382089       5433
 2718       7387524       5435
 2719       7392961       5437
 2720       7398400       5439
 2721       7403841       5441
 2722       7409284       5443
 2723       7414729       5445
 2724       7420176       5447
 2725       7425625       5449
 2726       7431076       5451
 2727       7436529       5453
 2728       7441984       5455
 2729       7447441       5457
 2730       7452900       5459
 2731       7458361       5461
 2732       7463824       5463
 2733       7469289       5465
 2734       7474756       5467
 2735       7480225       5469
 2736       7485696       5471
 2737       7491169       5473
 2738       7496644       5475
 2739       7502121       5477
 2740       7507600       5479
 2741       7513081       5481
 2742       7518564       5483
 2743       7524049       5485
 2744       7529536       5487
 2745       7535025       5489
 2746       7540516       5491
 2747       7546009       5493
 2748       7551504       5495
 2749       7557001       5497
 2750       7562500       5499
 2751       7568001       5501
 2752       7573504       5503
 2753       7579009       5505
 2754       7584516       5507
 2755       7590025       5509
 2756       7595536       5511
 2757       7601049       5513
 2758       7606564       5515
 2759       7612081       5517
 2760       7617600       5519
 2761       7623121       5521
 2762       7628644       5523
 2763       7634169       5525
 2764       7639696       5527
 2765       7645225       5529
 2766       7650756       5531
 2767       7656289       5533
 2768       7661824       5535
 2769       7667361       5537
 2770       7672900       5539
 2771       7678441       5541
 2772       7683984       5543
 2773       7689529       5545
 2774       7695076       5547
 2775       7700625       5549
 2776       7706176       5551
 2777       7711729       5553
 2778       7717284       5555
 2779       7722841       5557
 2780       7728400       5559
 2781       7733961       5561
 2782       7739524       5563
 2783       7745089       5565
 2784       7750656       5567
 2785       7756225       5569
 2786       7761796       5571
 2787       7767369       5573
 2788       7772944       5575
 2789       7778521       5577
 2790       7784100       5579
 2791       7789681       5581
 2792       7795264       5583
 2793       7800849       5585
 2794       7806436       5587
 2795       7812025       5589
 2796       7817616       5591
 2797       7823209       5593
 2798       7828804       5595
 2799       7834401       5597
 2800       7840000       5599
 2801       7845601       5601
 2802       7851204       5603
 2803       7856809       5605
 2804       7862416       5607
 2805       7868025       5609
 2806       7873636       5611
 2807       7879249       5613
 2808       7884864       5615
 2809       7890481       5617
 2810       7896100       5619
 2811       7901721       5621
 2812       7907344       5623
 2813       7912969       5625
 2814       7918596       5627
 2815       7924225       5629
 2816       7929856       5631
 2817       7935489       5633
 2818       7941124       5635
 2819       7946761       5637
 2820       7952400       5639
 2821       7958041       5641
 2822       7963684       5643
 2823       7969329       5645
 2824       7974976       5647
 2825       7980625       5649
 2826       7986276       5651
 2827       7991929       5653
 2828       7997584       5655
 2829       8003241       5657
 2830       8008900       5659
 2831       8014561       5661
 2832       8020224       5663
 2833       8025889       5665
 2834       8031556       5667
 2835       8037225       5669
 2836       8042896       5671
 2837       8048569       5673
 2838       8054244       5675
 2839       8059921       5677
 2840       8065600       5679
 2841       8071281       5681
 2842       8076964       5683
 2843       8082649       5685
 2844       8088336       5687
 2845       8094025       5689
 2846       8099716       5691
 2847       8105409       5693
 2848       8111104       5695
 2849       8116801       5697
 2850       8122500       5699
 2851       8128201       5701
 2852       8133904       5703
 2853       8139609       5705
 2854       8145316       5707
 2855       8151025       5709
 2856       8156736       5711
 2857       8162449       5713
 2858       8168164       5715
 2859       8173881       5717
 2860       8179600       5719
 2861       8185321       5721
 2862       8191044       5723
 2863       8196769       5725
 2864       8202496       5727
 2865       8208225       5729
 2866       8213956       5731
 2867       8219689       5733
 2868       8225424       5735
 2869       8231161       5737
 2870       8236900       5739
 2871       8242641       5741
 2872       8248384       5743
 2873       8254129       5745
 2874       8259876       5747
 2875       8265625       5749
 2876       8271376       5751
 2877       8277129       5753
 2878       8282884       5755
 2879       8288641       5757
 2880       8294400       5759
 2881       8300161       5761
 2882       8305924       5763
 2883       8311689       5765
 2884       8317456       5767
 2885       8323225       5769
 2886       8328996       5771
 2887       8334769       5773
 2888       8340544       5775
 2889       8346321       5777
 2890       8352100       5779
 2891       8357881       5781
 2892       8363664       5783
 2893       8369449       5785
 2894       8375236       5787
 2895       8381025       5789
 2896       8386816       5791
 2897       8392609       5793
 2898       8398404       5795
 2899       8404201       5797
 2900       8410000       5799
 2901       8415801       5801
 2902       8421604       5803
 2903       8427409       5805
 2904       8433216       5807
 2905       8439025       5809
 2906       8444836       5811
 2907       8450649       5813
 2908       8456464       5815
 2909       8462281       5817
 2910       8468100       5819
 2911       8473921       5821
 2912       8479744       5823
 2913       8485569       5825
 2914       8491396       5827
 2915       8497225       5829
 2916       8503056       5831
 2917       8508889       5833
 2918       8514724       5835
 2919       8520561       5837
 2920       8526400       5839
 2921       8532241       5841
 2922       8538084       5843
 2923       8543929       5845
 2924       8549776       5847
 2925       8555625       5849
 2926       8561476       5851
 2927       8567329       5853
 2928       8573184       5855
 2929       8579041       5857
 2930       8584900       5859
 2931       8590761       5861
 2932       8596624       5863
 2933       8602489       5865
 2934       8608356       5867
 2935       8614225       5869
 2936       8620096       5871
 2937       8625969       5873
 2938       8631844       5875
 2939       8637721       5877
 2940       8643600       5879
 2941       8649481       5881
 2942       8655364       5883
 2943       8661249       5885
 2944       8667136       5887
 2945       8673025       5889
 2946       8678916       5891
 2947       8684809       5893
 2948       8690704       5895
 2949       8696601       5897
 2950       8702500       5899
 2951       8708401       5901
 2952       8714304       5903
 2953       8720209       5905
 2954       8726116       5907
 2955       8732025       5909
 2956       8737936       5911
 2957       8743849       5913
 2958       8749764       5915
 2959       8755681       5917
 2960       8761600       5919
 2961       8767521       5921
 2962       8773444       5923
 2963       8779369       5925
 2964       8785296       5927
 2965       8791225       5929
 2966       8797156       5931
 2967       8803089       5933
 2968       8809024       5935
 2969       8814961       5937
 2970       8820900       5939
 2971       8826841       5941
 2972       8832784       5943
 2973       8838729       5945
 2974       8844676       5947
 2975       8850625       5949
 2976       8856576       5951
 2977       8862529       5953
 2978       8868484       5955
 2979       8874441       5957
 2980       8880400       5959
 2981       8886361       5961
 2982       8892324       5963
 2983       8898289       5965
 2984       8904256       5967
 2985       8910225       5969
 2986       8916196       5971
 2987       8922169       5973
 2988       8928144       5975
 2989       8934121       5977
 2990       8940100       5979
 2991       8946081       5981
 2992       8952064       5983
 2993       8958049       5985
 2994       8964036       5987
 2995       8970025       5989
 2996       8976016       5991
 2997       8982009       5993
 2998       8988004       5995
 2999       8994001       5997
 3000       9000000       5999
 3001       9006001       6001
 3002       9012004       6003
 3003       9018009       6005
 3004       9024016       6007
 3005       9030025       6009
 3006       9036036       6011
 3007       9042049       6013
 3008       9048064       6015
 3009       9054081       6017
 3010       9060100       6019
 3011       9066121       6021
 3012       9072144       6023
 3013       9078169       6025
 3014       9084196       6027
 3015       9090225       6029
 3016       9096256       6031
 3017       9102289       6033
 3018       9108324       6035
 3019       9114361       6037
 3020       9120400       6039
 3021       9126441       6041
 3022       9132484       6043
 3023       9138529       6045
 3024       9144576       6047
 3025       9150625       6049
 3026       9156676       6051
 3027       9162729       6053
 3028       9168784       6055
 3029       9174841       6057
 3030       9180900       6059
 3031       9186961       6061
 3032       9193024       6063
 3033       9199089       6065
 3034       9205156       6067
 3035       9211225       6069
 3036       9217296       6071
 3037       9223369       6073
 3038       9229444       6075
 3039       9235521       6077
 3040       9241600       6079
 3041       9247681       6081
 3042       9253764       6083
 3043       9259849       6085
 3044       9265936       6087
 3045       9272025       6089
 3046       9278116       6091
 3047       9284209       6093
 3048       9290304       6095
 3049       9296401       6097
 3050       9302500       6099
 3051       9308601       6101
 3052       9314704       6103
 3053       9320809       6105
 3054       9326916       6107
 3055       9333025       6109
 3056       9339136       6111
 3057       9345249       6113
 3058       9351364       6115
 3059       9357481       6117
 3060       9363600       6119
 3061       9369721       6121
 3062       9375844       6123
 3063       9381969       6125
 3064       9388096       6127
 3065       9394225       6129
 3066       9400356       6131
 3067       9406489       6133
 3068       9412624       6135
 3069       9418761       6137
 3070       9424900       6139
 3071       9431041       6141
 3072       9437184       6143
 3073       9443329       6145
 3074       9449476       6147
 3075       9455625       6149
 3076       9461776       6151
 3077       9467929       6153
 3078       9474084       6155
 3079       9480241       6157
 3080       9486400       6159
 3081       9492561       6161
 3082       9498724       6163
 3083       9504889       6165
 3084       9511056       6167
 3085       9517225       6169
 3086       9523396       6171
 3087       9529569       6173
 3088       9535744       6175
 3089       9541921       6177
 3090       9548100       6179
 3091       9554281       6181
 3092       9560464       6183
 3093       9566649       6185
 3094       9572836       6187
 3095       9579025       6189
 3096       9585216       6191
 3097       9591409       6193
 3098       9597604       6195
 3099       9603801       6197
 3100       9610000       6199
 3101       9616201       6201
 3102       9622404       6203
 3103       9628609       6205
 3104       9634816       6207
 3105       9641025       6209
 3106       9647236       6211
 3107       9653449       6213
 3108       9659664       6215
 3109       9665881       6217
 3110       9672100       6219
 3111       9678321       6221
 3112       9684544       6223
 3113       9690769       6225
 3114       9696996       6227
 3115       9703225       6229
 3116       9709456       6231
 3117       9715689       6233
 3118       9721924       6235
 3119       9728161       6237
 3120       9734400       6239
 3121       9740641       6241
 3122       9746884       6243
 3123       9753129       6245
 3124       9759376       6247
 3125       9765625       6249
 3126       9771876       6251
 3127       9778129       6253
 3128       9784384       6255
 3129       9790641       6257
 3130       9796900       6259
 3131       9803161       6261
 3132       9809424       6263
 3133       9815689       6265
 3134       9821956       6267
 3135       9828225       6269
 3136       9834496       6271
 3137       9840769       6273
 3138       9847044       6275
 3139       9853321       6277
 3140       9859600       6279
 3141       9865881       6281
 3142       9872164       6283
 3143       9878449       6285
 3144       9884736       6287
 3145       9891025       6289
 3146       9897316       6291
 3147       9903609       6293
 3148       9909904       6295
 3149       9916201       6297
 3150       9922500       6299
 3151       9928801       6301
 3152       9935104       6303
 3153       9941409       6305
 3154       9947716       6307
 3155       9954025       6309
 3156       9960336       6311
 3157       9966649       6313
 3158       9972964       6315
 3159       9979281       6317
 3160       9985600       6319
 3161       9991921       6321
 3162       9998244       6323
 3163       10004569       6325